[wagon]
name = logcar
bogeycount = 2

[front]
x = 0
y = 0
z = -7.47141

[back]
x = 0
y = 0
z = -7.47141

[bogey0]
name = bogey0
x = 0.0
y = -0.01256
z = -4.48217

[bogey1]
name = bogey1
x = 0.0
y = -0.01256
z = 4.42129