[wagon]
name = usa_tanker
bogeycount = 2

[front]
x = 0
y = 0
z = -7.44241

[back]
x = 0
y = 0
z = 7.44241

[bogey0]
name = bogey0
x = 0.0
y = -0.01256
z = -5.39383

[bogey1]
name = bogey1
x = 0.0
y = -0.01256
z = 5.39383